6
36
32
13
59
49
40
20
33
62
52
28
48
46
13
31
59
46
52
4
32
0
62
25
10
12
63
2
63
5
30
21
34
45
19
25
16
33
1
50
18
62
32
0
2
38
55
2
58
49
29
29
0
61
43
0
39
40
10
26
14
58
57
9
24
47
29
42
52
17
27
36
55
13
49
26
6
9
17
45
19
10
29
53
3
38
63
42
59
22
12
44
54
14
9
16
4
60
32
30
35
61
1
52
14
32
51
18
2
43
31
48
10
5
46
54
28
31
4
58
24
36
9
3
6
2
52
22
44
0
38
38
48
61
49
62
15
60
13
30
56
39
9
45
52
10
20
35
61
21
0
0
31
2
50
27
38
48
33
59
63
1
18
52
25
28
14
41
11
61
5
38
40
57
24
35
13
21
59
6
19
51
39
56
10
14
61
16
20
53
25
22
8
4
44
43
25
12
60
36
30
47
32
48
47
59
51
20
32
47
26
55
38
1
26
13
50
26
3
19
54
21
33
3
40
9
57
33
24
24
59
31
34
55
7
31
31
49
62
33
62
42
16
5
53
12
10
29
6
49
22
48
5
40
47
9
26
3
62
44
1
15
32
60
39
62
45
21
45
39
47
62
5
29
32
32
10
30
37
1
51
18
41
9
58
10
52
24
59
42
31
33
14
48
35
13
8
7
53
45
19
6
42
30
42
22
19
5
44
29
27
17
62
21
33
49
14
15
55
46
63
28
43
26
54
25
37
17
14
51
52
33
17
0
20
48
8
40
45
8
50
8
18
41
61
10
38
37
42
8
47
57
30
24
4
34
46
51
19
4
19
53
51
21
23
27
44
15
33
46
17
26
48
55
33
63
47
28
27
6
38
29
6
13
43
34
2
42
1
50
27
56
47
7
56
18
41
11
48
57
58
29
12
56
26
39
8
19
24
10
36
6
53
22
44
31
20
16
15
13
32
46
37
33
39
60
28
27
19
9
56
25
34
32
62
39
32
61
0
42
62
51
14
63
13
12
29
30
18
54
57
41
11
14
54
52
23
55
47
12
56
3
27
5
56
61
21
25
57
24
38
12
58
19
49
7
4
46
54
20
8
56
45
63
53
55
51
22
61
26
48
44
63
15
5
16
45
27
35
2
11
4
9
56
16
7
61
31
55
56
28
56
59
24
34
1
50
39
18
21
41
6
11
60
42
5
16
58
47
4
24
59
51
39
54
47
28
44
7
40
53
56
38
3
4
22
13
9
59
14
43
39
35
40
15
29
60
33
48
16
30
21
7
17
41
1
3
8
55
62
50
56
42
31
21
47
40
32
27
18
3
13
27
56
17
57
37
48
16
3
10
57
26
9
43
24
42
45
7
62
54
14
54
3
34
23
39
49
37
60
15
41
12
28
50
1
36
8
11
19
2
31
29
20
58
54
61
26
27
54
58
38
13
61
29
12
11
6
5
45
40
46
51
61
30
59
53
4
34
59
22
60
51
15
43
25
20
63
21
39
19
39
20
52
16
30
48
39
46
43
52
8
55
47
39
31
5
50
49
1
0
35
46
37
18
47
54
16
31
5
2
16
42
57
8
48
28
11
45
25
24
54
38
28
53
7
29
63
38
55
21
36
2
40
21
13
56
23
57
59
15
32
9
27
48
25
46
41
37
56
18
14
50
1
3
2
61
6
35
23
58
56
51
11
16
2
42
60
44
51
18
54
53
6
19
61
59
10
20
37
48
31
22
42
49
2
23
45
50
25
42
26
19
15
41
18
25
54
8
59
50
5
13
5
12
2
54
9
25
46
46
9
23
1
19
34
21
31
55
23
31
0
59
55
54
0
20
44
32
32
38
11
37
3
17
33
49
61
43
41
47
9
7
59
48
8
47
16
40
35
23
42
12
44
27
4
15
29
32
36
37
36
6
42
21
23
22
40
41
5
0
31
7
39
62
34
22
36
39
29
11
60
34
22
13
3
16
37
4
21
7
47
26
35
59
23
40
54
37
4
26
12
15
48
31
8
42
35
17
16
35
17
20
14
52
5
23
32
10
40
29
0
51
46
52
37
58
7
14
25
26
2
34
60
23
19
11
61
3
62
25
43
47
62
13
55
16
36
15
62
4
35
10
20
29
23
